#number	sx		sy		ex		ey		r		UID#1				UID#2				UID#3				UID#4	...
11		0.0		0.0		5.0		0.0		0.14	E004010003340984	E0040100033408BD	0000000000000013	0000000000000014	0000000000000015	0000000000000016	0000000000000017	0000000000000018	0000000000000019	000000000000001A	000000000000001B	
11		0.0		0.5		5.0		0.5		0.14	0000000000000021	0000000000000022	0000000000000023	0000000000000024	0000000000000025	0000000000000026	0000000000000027	0000000000000028	0000000000000029	000000000000002A	000000000000002B	
11		0.0		1.0		5.0		1.0		0.14	0000000000000031	0000000000000032	0000000000000033	0000000000000034	0000000000000035	0000000000000036	0000000000000037	0000000000000038	0000000000000039	000000000000003A	000000000000003B	
11		0.0		1.5		5.0		1.5		0.14	0000000000000041	0000000000000042	0000000000000043	0000000000000044	0000000000000045	0000000000000046	0000000000000047	0000000000000048	0000000000000049	000000000000004A	000000000000004B	
11		0.0		2.0		5.0		2.0		0.14	0000000000000051	0000000000000052	0000000000000053	0000000000000054	0000000000000055	0000000000000056	0000000000000057	0000000000000058	0000000000000059	000000000000005A	000000000000005B	
11		0.0		2.5		5.0		2.5		0.14	0000000000000061	0000000000000062	0000000000000063	0000000000000064	0000000000000065	0000000000000066	0000000000000067	0000000000000068	0000000000000069	000000000000006A	000000000000006B	
11		0.0		3.0		5.0		3.0		0.14	0000000000000071	0000000000000072	0000000000000073	0000000000000074	0000000000000075	0000000000000076	0000000000000077	0000000000000078	0000000000000079	000000000000007A	000000000000007B	
11		0.0		3.5		5.0		3.5		0.14	0000000000000081	0000000000000082	0000000000000083	0000000000000084	0000000000000085	0000000000000086	0000000000000087	0000000000000088	0000000000000089	000000000000008A	000000000000008B	
11		0.0		4.0		5.0		4.0		0.14	0000000000000091	0000000000000092	0000000000000093	0000000000000094	0000000000000095	0000000000000096	0000000000000097	0000000000000098	0000000000000099	000000000000009A	000000000000009B	
11		0.0		4.5		5.0		4.5		0.14	00000000000000A1	00000000000000A2	00000000000000A3	00000000000000A4	00000000000000A5	00000000000000A6	00000000000000A7	00000000000000A8	00000000000000A9	00000000000000AA	00000000000000AB	
11		0.0	    5.0		5.0		5.0		0.14	00000000000000B1	00000000000000B2	00000000000000B3	00000000000000B4	00000000000000B5	00000000000000B6	00000000000000B7	00000000000000B8	00000000000000B9	00000000000000BA	00000000000000BB	

